0.08
0.080089226
0.08035687
0.080802828
0.081426926
0.082228924
0.083208508
0.084365301
0.085698852
0.087208645
0.088894094
0.090754544
0.092789275
0.094997497
0.097378352
0.099930919
0.102654205
0.105547156
0.108608648
0.111837494
0.115232441
0.118792172
0.122515307
0.1264004
0.130445946
0.134650373
0.139012052
0.14352929
0.148200335
0.153023375
0.157996538
0.163117895
0.16838546
0.17379719
0.179350983
0.185044687
0.190876092
0.196842937
0.202942905
0.209173631
0.215532699
0.222017639
0.228625938
0.235355031
0.242202309
0.249165113
0.256240745
0.263426457
0.270719464
0.278116935
0.285616001
0.293213753
0.300907243
0.308693486
0.316569463
0.324532117
0.332578359
0.340705069
0.348909093
0.357187249
0.365536326
0.373953084
0.382434257
0.390976557
0.39957667
0.408231257
0.416936964
0.425690411
0.434488203
0.443326928
0.452203156
0.461113444
0.470054335
0.479022361
0.488014043
0.497025892
0.506054412
0.515096101
0.524147452
0.533204952
0.542265088
0.551324346
0.56037921
0.569426169
0.578461712
0.587482334
0.596484536
0.605464825
0.614419718
0.62334574
0.632239429
0.641097335
0.649916021
0.658692067
0.667422067
0.676102635
0.684730403
0.693302025
0.701814175
0.710263551
0.718646874
0.726960893
0.735202383
0.743368146
0.751455015
0.759459851
0.767379551
0.77521104
0.782951283
0.790597274
0.798146049
0.805594679
0.812940274
0.820179985
0.827311003
0.834330561
0.841235937
0.848024451
0.854693471
0.861240408
0.867662723
0.873957925
0.880123572
0.886157271
0.892056682
0.897819516
0.903443537
0.908926565
0.914266471
0.919461184
0.924508689
0.929407028
0.9341543
0.938748665
0.943188338
0.947471599
0.951596786
0.955562298
0.959366596
0.963008206
0.966485714
0.969797771
0.972943093
0.975920458
0.978728713
0.981366767
0.983833598
0.986128248
0.988249827
0.990197512
0.991970548
0.993568246
0.994989987
0.99623522
0.99730346
0.998194294
0.998907377
0.999442431
0.999799249
0.999977693
0.999977693
0.999799249
0.999442431
0.998907377
0.998194295
0.99730346
0.99623522
0.994989988
0.993568247
0.991970549
0.990197513
0.988249828
0.986128249
0.983833599
0.981366768
0.978728714
0.975920459
0.972943094
0.969797772
0.966485715
0.963008207
0.959366598
0.955562299
0.951596787
0.947471601
0.94318834
0.938748666
0.934154302
0.92940703
0.924508691
0.919461186
0.914266473
0.908926567
0.903443539
0.897819518
0.892056684
0.886157273
0.880123574
0.873957928
0.867662726
0.86124041
0.854693473
0.848024454
0.841235939
0.834330563
0.827311005
0.820179987
0.812940277
0.805594682
0.798146052
0.790597277
0.782951285
0.775211043
0.767379554
0.759459854
0.751455018
0.743368149
0.735202386
0.726960896
0.718646877
0.710263554
0.701814178
0.693302028
0.684730407
0.676102638
0.66742207
0.65869207
0.649916025
0.641097338
0.632239432
0.623345743
0.614419721
0.605464828
0.596484539
0.587482337
0.578461715
0.569426172
0.560379213
0.551324349
0.542265091
0.533204955
0.524147455
0.515096105
0.506054415
0.497025895
0.488014046
0.479022365
0.470054339
0.461113447
0.452203159
0.443326931
0.434488207
0.425690414
0.416936967
0.408231261
0.399576673
0.390976561
0.382434261
0.373953087
0.365536329
0.357187252
0.348909096
0.340705072
0.332578362
0.32453212
0.316569466
0.308693489
0.300907245
0.293213755
0.285616004
0.278116938
0.270719466
0.26342646
0.256240747
0.249165116
0.242202311
0.235355034
0.228625941
0.222017642
0.215532701
0.209173634
0.202942907
0.196842939
0.190876095
0.185044689
0.179350985
0.173797192
0.168385462
0.163117897
0.15799654
0.153023377
0.148200337
0.143529292
0.139012054
0.134650375
0.130445947
0.126400402
0.122515308
0.118792174
0.115232442
0.111837495
0.108608649
0.105547157
0.102654206
0.09993092
0.097378353
0.094997498
0.092789276
0.090754545
0.088894094
0.087208646
0.085698853
0.084365301
0.083208509
0.082228924
0.081426927
0.080802828
0.08035687
0.080089226
0.08
0.080089226